Frank 0 0  Empty00000 Empty032767-2051164689 Empty0327670 Empty032767-134420503 Empty0327671 Empty032767-134498672 1 0 116 5 5 5 5 5 5 2 15 20 -10856 20 5 10
Frank 0 0  Empty00000 Empty032767-2051164689 Empty0327670 Empty032767-134420503 Empty0327671 Empty032767-134498672 1 0 116 5 5 5 5 5 5 2 15 20 -10856 20 5 10
Frank 0 0  Empty00000 Empty032767-2051164689 Empty0327670 Empty032767-134420503 Empty0327671 Empty032767-134498672 1 0 116 5 5 5 5 5 5 2 15 20 -10856 20 5 10
Frank 0 0  Empty00000 Empty032767-2051164689 Empty0327670 Empty032767-134420503 Empty0327671 Empty032767-134498672 1 0 116 5 5 5 5 5 5 2 15 20 -10856 20 5 10
Frank 0 0  Empty00000 Empty032767-2051164689 Empty0327670 Empty032767-134420503 Empty0327671 Empty032767-134498672 1 0 116 5 5 5 5 5 5 2 15 20 -10856 20 5 10
Frank 0 0  Empty00000 Empty032767-2051164689 Empty0327670 Empty032767-134420503 Empty0327671 Empty032767-134498672 1 0 116 5 5 5 5 5 5 2 15 20 -10856 20 5 10
Frank 0 0  Empty00000 Empty032767-2051164689 Empty0327670 Empty032767-134420503 Empty0327671 Empty032767-134498672 1 0 116 5 5 5 5 5 5 2 15 20 -10856 20 5 10
Frank 0 0  Empty00000 Empty032767-2051164689 Empty0327670 Empty032767-134420503 Empty0327671 Empty032767-134498672 1 0 116 5 5 5 5 5 5 2 15 20 -10856 20 5 10
Frank 0 0  Empty00000 Empty032767-2051164689 Empty0327670 Empty032767-134420503 Empty0327671 Empty032767-134498672 1 0 116 5 5 5 5 5 5 2 15 20 -10856 20 5 10
Frank 0 0  Empty00000 Empty032767-2051164689 Empty0327670 Empty032767-134420503 Empty0327671 Empty032767-134498672 1 0 116 5 5 5 5 5 5 2 15 20 -10856 20 5 10
